ID	pub	nana	pend	Latitude	Longitude	distance	Pop
121	0.9006	0.0372	0.0622	58.8919	-3.383755	0	Pop11
122	0.9601	0.0242	0.0157	58.8919	-3.383755	0	Pop11
123	0.984	0.01	0.006	58.8919	-3.383755	0	Pop11
124	0.987	0.007	0.006	58.8919	-3.383755	0	Pop11
125	0.9763	0.0207	0.003	58.8919	-3.383755	0	Pop11
126	0.987	0.007	0.006	58.8919	-3.383755	0	Pop11
127	0.937	0.0577	0.0053	58.8919	-3.383755	0	Pop11
128	0.8233	0.1717	0.005	58.8919	-3.383755	0	Pop11
129	0.9937	0.0033	0.003	58.8919	-3.383755	0	Pop11
130	0.9369	0.0578	0.0053	58.8919	-3.383755	0	Pop11
131	0.9898	0.0042	0.006	58.8919	-3.383755	0	Pop11
132	0.9899	0.0051	0.005	58.8919	-3.383755	0	Pop11
133	0.937	0.0577	0.0053	58.8919	-3.383755	0	Pop11
134	0.9819	0.0121	0.006	58.8919	-3.383755	0	Pop11
135	0.9371	0.0578	0.0051	58.8919	-3.383755	0	Pop11
136	0.9867	0.0073	0.006	58.8919	-3.383755	0	Pop11
137	0.9372	0.0577	0.0051	58.8919	-3.383755	0	Pop11
138	0.6211	0.3737	0.0052	58.8919	-3.383755	0	Pop11
139	0.9168	0.022	0.0612	58.8919	-3.383755	0	Pop11
140	0.985	0.01	0.005	58.8919	-3.383755	0	Pop11
141	0.8231	0.1719	0.005	58.8919	-3.383755	0	Pop11
142	0.8241	0.1709	0.005	58.8919	-3.383755	0	Pop11
143	0.937	0.0577	0.0053	58.8919	-3.383755	0	Pop11
144	0.9891	0.002	0.0089	58.528058	-4.20936	7.66	Pop12
145	0.9842	0.0077	0.0081	58.5277	-4.209666	7.66	Pop12
146	0.9454	0.004	0.0506	58.5277	-4.209666	7.66	Pop12
147	0.9889	0.002	0.0091	58.5277	-4.209666	7.66	Pop12
148	0.9848	0.0031	0.0121	58.5277	-4.209666	7.66	Pop12
149	0.972	0.0061	0.0219	58.5277	-4.209666	7.66	Pop12
150	0.9901	0.0049	0.005	58.5277	-4.209666	7.66	Pop12
151	0.951	0.0344	0.0146	58.500686	-4.374823	6.33	Pop13
152	0.9811	0.008	0.0109	58.485084	-4.660512	17.23	Pop14
153	0.9595	0.0335	0.007	58.485084	-4.660512	17.23	Pop14
154	0.9877	0.006	0.0063	58.485084	-4.660512	17.23	Pop14
155	0.992	0.002	0.006	58.485084	-4.660512	17.23	Pop14
156	0.9887	0.0061	0.0052	58.485084	-4.660512	17.23	Pop14
157	0.9764	0.0033	0.0203	58.485084	-4.660512	17.23	Pop14
158	0.991	0.003	0.006	58.485084	-4.660512	17.23	Pop14
159	0.9911	0.004	0.0049	58.485084	-4.660512	17.23	Pop14
160	0.991	0.004	0.005	58.485084	-4.660512	17.23	Pop14
161	0.9801	0.0108	0.0091	58.485084	-4.660512	17.23	Pop14
162	0.9847	0.0123	0.003	58.485084	-4.660512	17.23	Pop14
163	0.9561	0.0389	0.005	58.485084	-4.660512	17.23	Pop14
164	0.988	0.005	0.007	58.485084	-4.660512	17.23	Pop14
165	0.9857	0.007	0.0073	58.485084	-4.660512	17.23	Pop14
166	0.7694	0.2276	0.003	58.485084	-4.660512	17.23	Pop14
167	0.9714	0.0246	0.004	58.485084	-4.660512	17.23	Pop14
168	0.9038	0.0932	0.003	58.485084	-4.660512	17.23	Pop14
169	0.9855	0.006	0.0085	58.484644	-4.220324	4.78	Pop15
170	0.9791	0.0139	0.007	58.484644	-4.220324	4.78	Pop15
171	0.9633	0.005	0.0317	58.484644	-4.220324	4.78	Pop15
172	0.9865	0.0095	0.004	58.484644	-4.220324	4.78	Pop15
173	0.9316	0.0654	0.003	58.484644	-4.220324	4.78	Pop15
174	0.982	0.006	0.012	58.484644	-4.220324	4.78	Pop15
175	0.9892	0.003	0.0078	58.484644	-4.220324	4.78	Pop15
176	0.9892	0.004	0.0068	58.484644	-4.220324	4.78	Pop15
177	0.989	0.005	0.006	58.484644	-4.220324	4.78	Pop15
178	0.7905	0.006	0.2035	58.484644	-4.220324	4.78	Pop15
179	0.9499	0.0411	0.009	58.484644	-4.220324	4.78	Pop15
180	0.9843	0.0087	0.007	58.484644	-4.220324	4.78	Pop15
181	0.989	0.008	0.003	58.484644	-4.220324	4.78	Pop15
182	0.969	0.026	0.005	58.484644	-4.220324	4.78	Pop15
183	0.9878	0.004	0.0082	58.484644	-4.220324	4.78	Pop15
184	0.9788	0.0089	0.0123	58.484644	-4.220324	4.78	Pop15
185	0.991	0.005	0.004	58.484644	-4.220324	4.78	Pop15
186	0.9805	0.003	0.0165	58.484644	-4.220324	4.78	Pop15
187	0.9486	0.0029	0.0485	58.47371	-4.424467	3.9	Pop16
188	0.9763	0.0053	0.0184	58.474782	-4.424439	3.9	Pop16
189	0.989	0.002	0.009	58.475066	-4.42689	3.9	Pop16
190	0.9564	0.0219	0.0217	58.474314	-4.428445	3.9	Pop16
191	0.9745	0.012	0.0135	58.475289	-4.435964	3.9	Pop16
192	0.977	0.012	0.011	58.475177	-4.435932	3.9	Pop16
193	0.9856	0.005	0.0094	58.464178	-4.421791	3.9	Pop16
194	0.6598	0.003	0.3372	58.464359	-4.421833	3.9	Pop16
195	0.9791	0.009	0.0119	58.464484	-4.421479	3.9	Pop16
196	0.9881	0.0079	0.004	58.455335	-4.428176	3.9	Pop16
197	0.9693	0.0257	0.005	58.455259	-4.428191	3.9	Pop16
198	0.977	0.021	0.002	58.453754	-4.428924	3.9	Pop16
199	0.9704	0.0205	0.0091	58.44204	-4.42528	1.46	Pop17
200	0.9876	0.009	0.0034	58.441879	-4.424717	1.46	Pop17
201	0.9836	0.002	0.0144	58.441468	-4.424473	1.46	Pop17
202	0.9665	0.0275	0.006	58.441092	-4.42453	1.46	Pop17
203	0.9693	0.0056	0.0251	58.439896	-4.424336	1.46	Pop17
204	0.992	0.004	0.004	58.439199	-4.424185	1.46	Pop17
205	0.9906	0.0044	0.005	58.438805	-4.424224	1.46	Pop17
206	0.984	0.006	0.01	58.438188	-4.421736	1.46	Pop17
207	0.993	0.004	0.003	58.437584	-4.421216	1.46	Pop17
208	0.9532	0.0198	0.027	58.437584	-4.421216	1.46	Pop17
209	0.9908	0.0062	0.003	58.437584	-4.421216	1.46	Pop17
210	0.9873	0.004	0.0087	58.437364	-4.421254	1.46	Pop17
211	0.9746	0.0184	0.007	58.436465	-4.420629	1.46	Pop17
212	0.9768	0.0092	0.014	58.435154	-4.420744	1.46	Pop17
213	0.9826	0.0094	0.008	58.433674	-4.423404	1.46	Pop17
214	0.9851	0.005	0.0099	58.433536	-4.423745	1.46	Pop17
215	0.9827	0.0077	0.0096	58.432607	-4.424346	1.46	Pop17
216	0.9877	0.005	0.0073	58.432311	-4.424823	1.46	Pop17
217	0.9843	0.007	0.0087	58.428897	-4.424557	1.46	Pop17
218	0.9761	0.0099	0.014	58.428223	-4.425239	1.46	Pop17
219	0.92	0.005	0.075	58.427876	-4.425379	1.46	Pop17
220	0.9728	0.018	0.0092	58.427438	-4.425733	1.46	Pop17
221	0.9669	0.0281	0.005	58.427131	-4.425522	1.46	Pop17
222	0.9797	0.003	0.0173	58.425636	-4.425351	1.46	Pop17
223	0.991	0.002	0.007	58.424572	-4.424333	1.46	Pop17
224	0.9762	0.006	0.0178	58.424236	-4.423739	1.46	Pop17
225	0.982	0.003	0.015	58.424107	-4.423498	1.46	Pop17
226	0.9736	0.0206	0.0058	58.42396	-4.423413	1.46	Pop17
227	0.9791	0.0124	0.0085	58.423433	-4.422595	1.46	Pop17
228	0.9595	0.0365	0.004	58.423352	-4.422364	1.46	Pop17
229	0.9647	0.0313	0.004	58.423109	-4.421281	1.46	Pop17
230	0.991	0.006	0.003	58.422754	-4.420885	1.46	Pop17
231	0.8915	0.0069	0.1016	58.422384	-4.420877	1.46	Pop17
232	0.9867	0.0103	0.003	58.421889	-4.420839	1.46	Pop17
233	0.9612	0.008	0.0308	58.421546	-4.420951	1.46	Pop17
234	0.9812	0.0158	0.003	58.421336	-4.420604	1.46	Pop17
235	0.9348	0.0333	0.0319	58.42101	-4.420987	1.46	Pop17
236	0.9312	0.0668	0.002	58.420731	-4.421263	1.46	Pop17
237	0.9303	0.008	0.0617	58.420347	-4.421173	1.46	Pop17
238	0.9418	0.0171	0.0411	58.420186	-4.420802	1.46	Pop17
239	0.9894	0.0053	0.0053	58.420088	-4.420544	1.46	Pop17
240	0.9807	0.0153	0.004	58.419976	-4.421259	1.46	Pop17
241	0.9445	0.0498	0.0057	58.419958	-4.420384	1.46	Pop17
242	0.988	0.009	0.003	58.419887	-4.418915	1.46	Pop17
243	0.9938	0.002	0.0042	58.419628	-4.420279	1.46	Pop17
244	0.8907	0.1052	0.0041	58.41943	-4.420964	1.46	Pop17
245	0.9848	0.009	0.0062	58.419374	-4.420016	1.46	Pop17
246	0.6358	0.3581	0.0061	58.419355	-4.416341	1.46	Pop17
247	0.7621	0.2309	0.007	58.419334	-4.416296	1.46	Pop17
248	0.9866	0.0064	0.007	58.419179	-4.419855	1.46	Pop17
249	0.9917	0.004	0.0043	58.419145	-4.42051	1.46	Pop17
250	0.9899	0.0051	0.005	58.418965	-4.419773	1.46	Pop17
251	0.9834	0.0066	0.01	58.418953	-4.420345	1.46	Pop17
252	0.98	0.014	0.006	58.418937	-4.420323	1.46	Pop17
253	0.9697	0.0146	0.0157	58.418786	-4.42037	1.46	Pop17
254	0.989	0.008	0.003	58.418773	-4.420988	1.46	Pop17
255	0.984	0.006	0.01	58.418707	-4.419613	1.46	Pop17
256	0.9653	0.006	0.0287	58.41868	-4.42007	1.46	Pop17
257	0.9595	0.0295	0.011	58.41868	-4.42007	1.46	Pop17
258	0.9335	0.0625	0.004	58.418629	-4.420292	1.46	Pop17
259	0.988	0.006	0.006	58.418497	-4.419687	1.46	Pop17
260	0.9842	0.0109	0.0049	58.418402	-4.420234	1.46	Pop17
261	0.9875	0.0055	0.007	58.418271	-4.419318	1.46	Pop17
262	0.986	0.01	0.004	58.418258	-4.419328	1.46	Pop17
263	0.9885	0.005	0.0065	58.418116	-4.420172	1.46	Pop17
264	0.989	0.007	0.004	58.418022	-4.419021	1.46	Pop17
265	0.987	0.005	0.008	58.417725	-4.418864	1.46	Pop17
266	0.9796	0.0044	0.016	58.417532	-4.418748	1.46	Pop17
267	0.9693	0.0242	0.0065	58.41595	-4.416895	1.46	Pop17
268	0.9795	0.0071	0.0134	58.415103	-4.417008	1.46	Pop17
269	0.9645	0.0265	0.009	58.414728	-4.415715	1.46	Pop17
270	0.9766	0.0204	0.003	58.402783	-4.392857	1.46	Pop17
271	0.9869	0.002	0.0111	58.402514	-4.384203	1.46	Pop17
272	0.9929	0.004	0.0031	58.402514	-4.384203	1.46	Pop17
273	0.9764	0.0156	0.008	58.422395	-4.993343	29.69	Pop18
274	0.9141	0.0094	0.0765	58.422395	-4.993343	29.69	Pop18
275	0.987	0.004	0.009	58.25238	-5.02184	25.05	Pop19
276	0.993	0.003	0.004	58.25238	-5.02184	25.05	Pop19
277	0.9894	0.007	0.0036	58.25238	-5.02184	25.05	Pop19
278	0.9752	0.0162	0.0086	58.25238	-5.02184	25.05	Pop19
279	0.986	0.004	0.01	58.25238	-5.02184	25.05	Pop19
280	0.9939	0.002	0.0041	58.25238	-5.02184	25.05	Pop19
281	0.9489	0.0402	0.0109	58.25238	-5.02184	25.05	Pop19
282	0.9888	0.0042	0.007	58.25238	-5.02184	25.05	Pop19
283	0.9871	0.003	0.0099	58.25238	-5.02184	25.05	Pop19
284	0.993	0.004	0.003	58.25238	-5.02184	25.05	Pop19
285	0.995	0.003	0.002	58.25238	-5.02184	25.05	Pop19
286	0.9782	0.0128	0.009	58.25238	-5.02184	25.05	Pop19
287	0.992	0.004	0.004	58.25238	-5.02184	25.05	Pop19
288	0.9839	0.005	0.0111	58.25238	-5.02184	25.05	Pop19
289	0.982	0.012	0.006	58.25238	-5.02184	25.05	Pop19
290	0.9912	0.0031	0.0057	58.25238	-5.02184	25.05	Pop19
291	0.972	0.023	0.005	58.25238	-5.02184	25.05	Pop19
292	0.9738	0.021	0.0052	58.25238	-5.02184	25.05	Pop19
293	0.9853	0.003	0.0117	58.25238	-5.02184	25.05	Pop19
294	0.992	0.003	0.005	58.25238	-5.02184	25.05	Pop19
295	0.9869	0.002	0.0111	58.25238	-5.02184	25.05	Pop19
296	0.984	0.013	0.003	58.035388	-4.450967	4.07	Pop20
297	0.9542	0.0113	0.0345	58.032457	-4.447513	4.07	Pop20
298	0.9434	0.003	0.0536	58.026472	-4.439986	4.07	Pop20
299	0.98	0.006	0.014	58.032116	-4.41898	6.29	Pop21
300	0.8911	0.0932	0.0157	57.989316	-5.113496	14.7	Pop22
301	0.9682	0.0248	0.007	57.989316	-5.113496	14.7	Pop22
302	0.983	0.01	0.007	57.989316	-5.113496	14.7	Pop22
303	0.9666	0.0242	0.0092	57.989316	-5.113496	14.7	Pop22
304	0.7421	0.2468	0.0111	57.989316	-5.113496	14.7	Pop22
305	0.9653	0.0317	0.003	57.989316	-5.113496	14.7	Pop22
306	0.9614	0.0276	0.011	57.989316	-5.113496	14.7	Pop22
307	0.9529	0.019	0.0281	57.989316	-5.113496	14.7	Pop22
308	0.9889	0.0051	0.006	57.876346	-4.358833	9.36	Pop23
309	0.9838	0.0072	0.009	57.876807	-4.359685	9.36	Pop23
310	0.976	0.012	0.012	57.876805	-4.360986	9.36	Pop23
311	0.955	0.041	0.004	57.799685	-4.24486	17.59	Pop24
312	0.991	0.005	0.004	57.799685	-4.24486	17.59	Pop24
313	0.9839	0.0119	0.0042	57.799685	-4.24486	17.59	Pop24
314	0.8855	0.004	0.1105	57.799685	-4.24486	17.59	Pop24
315	0.9839	0.0063	0.0098	57.799685	-4.24486	17.59	Pop24
316	0.9034	0.0916	0.005	57.799685	-4.24486	17.59	Pop24
317	0.9171	0.0779	0.005	57.799685	-4.24486	17.59	Pop24
318	0.9767	0.009	0.0143	57.799685	-4.24486	17.59	Pop24
319	0.9906	0.006	0.0034	57.799685	-4.24486	17.59	Pop24
320	0.99	0.004	0.006	57.799685	-4.24486	17.59	Pop24
321	0.9778	0.0172	0.005	57.799685	-4.24486	17.59	Pop24
322	0.993	0.003	0.004	57.799685	-4.24486	17.59	Pop24
323	0.9842	0.0106	0.0052	57.799685	-4.24486	17.59	Pop24
324	0.983	0.013	0.004	57.799685	-4.24486	17.59	Pop24
325	0.988	0.008	0.004	57.799685	-4.24486	17.59	Pop24
326	0.973	0.024	0.003	57.799685	-4.24486	17.59	Pop24
327	0.9674	0.0296	0.003	57.799685	-4.24486	17.59	Pop24
328	0.989	0.005	0.006	57.799685	-4.24486	17.59	Pop24
329	0.9919	0.0041	0.004	57.762708	-5.031718	2.91	Pop25
330	0.9927	0.0033	0.004	57.762708	-5.031718	2.91	Pop25
331	0.9909	0.004	0.0051	57.762708	-5.031718	2.91	Pop25
332	0.9298	0.006	0.0642	57.762708	-5.031718	2.91	Pop25
333	0.9925	0.0045	0.003	57.762708	-5.031718	2.91	Pop25
334	0.987	0.008	0.005	57.762708	-5.031718	2.91	Pop25
335	0.8742	0.1147	0.0111	57.762708	-5.031718	2.91	Pop25
336	0.9587	0.003	0.0383	57.762708	-5.031718	2.91	Pop25
337	0.971	0.011	0.018	57.762708	-5.031718	2.91	Pop25
338	0.9381	0.0546	0.0073	57.762708	-5.031718	2.91	Pop25
339	0.985	0.003	0.012	57.762708	-5.031718	2.91	Pop25
340	0.9772	0.0191	0.0037	57.762708	-5.031718	2.91	Pop25
341	0.9915	0.004	0.0045	57.762708	-5.031718	2.91	Pop25
342	0.9762	0.0046	0.0192	57.762708	-5.031718	2.91	Pop25
343	0.9877	0.0083	0.004	57.762708	-5.031718	2.91	Pop25
344	0.992	0.003	0.005	57.762708	-5.031718	2.91	Pop25
345	0.9897	0.0034	0.0069	57.762708	-5.031718	2.91	Pop25
346	0.9792	0.007	0.0138	57.723204	-4.519119	1.9	Pop26
347	0.9928	0.0049	0.0023	57.686806	-4.633285	0	Pop27
348	0.9808	0.002	0.0172	57.687443	-4.630766	0	Pop27
349	0.977	0.015	0.008	57.687464	-4.630772	0	Pop27
350	0.966	0.004	0.03	57.687954	-4.630484	0	Pop27
351	0.9599	0.004	0.0361	57.688002	-4.630449	0	Pop27
352	0.9889	0.004	0.0071	57.6779	-4.004896	32.32	Pop28
353	0.9759	0.0141	0.01	57.677681	-4.006393	32.32	Pop28
354	0.983	0.0069	0.0101	57.678168	-4.004049	32.32	Pop28
355	0.988	0.008	0.004	57.655448	-4.209617	22.14	Pop29
356	0.9928	0.005	0.0022	57.658311	-4.197845	22.14	Pop29
357	0.988	0.003	0.009	57.366169	-3.992197	11.7	Pop30
358	0.9839	0.0121	0.004	57.367062	-3.988001	11.7	Pop30
359	0.9828	0.0142	0.003	57.369838	-3.979627	11.7	Pop30
360	0.9595	0.013	0.0275	57.323454	-4.446312	9.42	Pop31
361	0.975	0.019	0.006	57.323454	-4.446312	9.42	Pop31
362	0.9708	0.004	0.0252	57.323454	-4.446312	9.42	Pop31
363	0.7087	0.2873	0.004	57.323454	-4.446312	9.42	Pop31
364	0.9847	0.006	0.0093	57.323454	-4.446312	9.42	Pop31
365	0.9798	0.0065	0.0137	57.323454	-4.446312	9.42	Pop31
366	0.9793	0.0032	0.0175	57.323454	-4.446312	9.42	Pop31
367	0.9283	0.0503	0.0214	57.323454	-4.446312	9.42	Pop31
368	0.8971	0.0231	0.0798	57.323454	-4.446312	9.42	Pop31
369	0.994	0.003	0.003	57.323454	-4.446312	9.42	Pop31
370	0.992	0.002	0.006	57.323454	-4.446312	9.42	Pop31
371	0.991	0.005	0.004	57.323454	-4.446312	9.42	Pop31
372	0.985	0.012	0.003	57.323454	-4.446312	9.42	Pop31
373	0.9407	0.0573	0.002	57.323454	-4.446312	9.42	Pop31
374	0.995	0.002	0.003	57.323454	-4.446312	9.42	Pop31
375	0.977	0.009	0.014	57.276645	-3.554098	5.69	Pop32
376	0.9168	0.006	0.0772	57.276645	-3.554098	5.69	Pop32
377	0.9738	0.0202	0.006	57.276645	-3.554098	5.69	Pop32
378	0.9572	0.0248	0.018	57.276645	-3.554098	5.69	Pop32
379	0.9778	0.0124	0.0098	57.276645	-3.554098	5.69	Pop32
380	0.9893	0.005	0.0057	57.276645	-3.554098	5.69	Pop32
381	0.9858	0.0072	0.007	57.276645	-3.554098	5.69	Pop32
382	0.8497	0.0331	0.1172	57.276645	-3.554098	5.69	Pop32
383	0.9649	0.006	0.0291	57.276645	-3.554098	5.69	Pop32
384	0.9101	0.0321	0.0578	57.276645	-3.554098	5.69	Pop32
385	0.9887	0.0053	0.006	57.276645	-3.554098	5.69	Pop32
386	0.9627	0.01	0.0273	57.276645	-3.554098	5.69	Pop32
387	0.9723	0.0121	0.0156	57.276645	-3.554098	5.69	Pop32
388	0.994	0.003	0.003	57.276645	-3.554098	5.69	Pop32
389	0.9835	0.0082	0.0083	57.276645	-3.554098	5.69	Pop32
390	0.994	0.003	0.003	57.276645	-3.554098	5.69	Pop32
391	0.976	0.0061	0.0179	57.276645	-3.554098	5.69	Pop32
392	0.9593	0.0327	0.008	57.276645	-3.554098	5.69	Pop32
393	0.9823	0.0062	0.0115	57.276645	-3.554098	5.69	Pop32
394	0.9469	0.0379	0.0152	57.276645	-3.554098	5.69	Pop32
395	0.9782	0.0143	0.0075	57.276645	-3.554098	5.69	Pop32
396	0.7808	0.2142	0.005	57.231624	-4.753885	0	Pop89
397	0.7011	0.2949	0.004	57.231624	-4.753885	0	Pop89
398	0.9927	0.003	0.0043	57.221883	-3.301246	13.05	Pop33
399	0.9689	0.028	0.0031	57.221883	-3.301246	13.05	Pop33
400	0.989	0.006	0.005	57.221883	-3.301246	13.05	Pop33
401	0.9745	0.0215	0.004	57.221883	-3.301246	13.05	Pop33
402	0.899	0.012	0.089	57.221883	-3.301246	13.05	Pop33
403	0.9786	0.002	0.0194	57.221883	-3.301246	13.05	Pop33
404	0.9805	0.0155	0.004	57.221883	-3.301246	13.05	Pop33
405	0.9806	0.0139	0.0055	57.221883	-3.301246	13.05	Pop33
406	0.9859	0.003	0.0111	57.221883	-3.301246	13.05	Pop33
407	0.9872	0.003	0.0098	57.221883	-3.301246	13.05	Pop33
408	0.9133	0.0034	0.0833	57.221883	-3.301246	13.05	Pop33
409	0.9553	0.0377	0.007	57.221883	-3.301246	13.05	Pop33
410	0.989	0.003	0.008	57.144729	-3.857229	3.5	Pop34
411	0.9929	0.0041	0.003	57.144658	-3.85647	3.5	Pop34
412	0.988	0.008	0.004	57.118759	-3.901556	3.5	Pop34
413	0.99	0.004	0.006	57.118613	-3.901351	3.5	Pop34
414	0.9576	0.0035	0.0389	57.081654	-3.979452	6.44	Pop35
415	0.9805	0.012	0.0075	57.081475	-3.979247	6.44	Pop35
416	0.9002	0.0052	0.0946	57.081454	-3.978943	6.44	Pop35
417	0.989	0.007	0.004	57.100902	-3.152402	13.02	Pop36
418	0.9917	0.0053	0.003	57.100902	-3.152402	13.02	Pop36
419	0.9841	0.004	0.0119	57.100902	-3.152402	13.02	Pop36
420	0.9849	0.002	0.0131	57.100902	-3.152402	13.02	Pop36
421	0.9506	0.0414	0.008	57.08784	-3.185342	11.72	Pop37
422	0.9828	0.0102	0.007	57.017476	-3.571339	1.34	Pop38
423	0.9813	0.0157	0.003	57.013946	-3.559697	1.34	Pop38
424	0.988	0.009	0.003	57.010632	-3.549567	1.34	Pop38
425	0.8844	0.0224	0.0932	57.010529	-3.54908	1.34	Pop38
426	0.8641	0.005	0.1309	57.006187	-3.543884	1.34	Pop38
427	0.9888	0.0081	0.0031	57.005	-3.542439	1.34	Pop38
428	0.9198	0.0762	0.004	56.999255	-3.54512	1.34	Pop38
429	0.9769	0.003	0.0201	57.000518	-3.077621	10.05	Pop39
430	0.995	0.002	0.003	57.000518	-3.077621	10.05	Pop39
431	0.982	0.008	0.01	57.000518	-3.077621	10.05	Pop39
432	0.9451	0.0195	0.0354	57.000518	-3.077621	10.05	Pop39
433	0.9576	0.004	0.0384	57.000518	-3.077621	10.05	Pop39
434	0.9608	0.0206	0.0186	57.000518	-3.077621	10.05	Pop39
435	0.9117	0.0843	0.004	57.000518	-3.077621	10.05	Pop39
436	0.9894	0.0056	0.005	57.000518	-3.077621	10.05	Pop39
437	0.991	0.005	0.004	57.000518	-3.077621	10.05	Pop39
438	0.9697	0.004	0.0263	57.000518	-3.077621	10.05	Pop39
439	0.9593	0.0285	0.0122	57.000518	-3.077621	10.05	Pop39
440	0.985	0.006	0.009	57.000518	-3.077621	10.05	Pop39
441	0.9755	0.01	0.0145	57.000518	-3.077621	10.05	Pop39
442	0.9183	0.0777	0.004	57.000518	-3.077621	10.05	Pop39
443	0.9846	0.009	0.0064	57.000518	-3.077621	10.05	Pop39
444	0.9814	0.005	0.0136	57.000518	-3.077621	10.05	Pop39
445	0.969	0.028	0.003	57.000518	-3.077621	10.05	Pop39
446	0.8785	0.0967	0.0248	57.000518	-3.077621	10.05	Pop39
447	0.9569	0.0139	0.0292	57.000518	-3.077621	10.05	Pop39
448	0.993	0.004	0.003	56.932211	-3.179569	1.71	Pop40
449	0.9897	0.0043	0.006	56.932211	-3.179569	1.71	Pop40
450	0.9635	0.0335	0.003	56.932211	-3.179569	1.71	Pop40
451	0.993	0.004	0.003	56.932211	-3.179569	1.71	Pop40
452	0.9919	0.0031	0.005	56.932211	-3.179569	1.71	Pop40
453	0.9921	0.0039	0.004	56.932211	-3.179569	1.71	Pop40
454	0.9885	0.0075	0.004	56.932211	-3.179569	1.71	Pop40
455	0.9561	0.004	0.0399	56.932211	-3.179569	1.71	Pop40
456	0.9888	0.0071	0.0041	56.932211	-3.179569	1.71	Pop40
457	0.989	0.007	0.004	56.932211	-3.179569	1.71	Pop40
458	0.9868	0.008	0.0052	56.932211	-3.179569	1.71	Pop40
459	0.9869	0.008	0.0051	56.932211	-3.179569	1.71	Pop40
460	0.9754	0.0216	0.003	56.932211	-3.179569	1.71	Pop40
461	0.9631	0.023	0.0139	56.932211	-3.179569	1.71	Pop40
462	0.99	0.005	0.005	56.932211	-3.179569	1.71	Pop40
463	0.985	0.009	0.006	56.932211	-3.179569	1.71	Pop40
464	0.9324	0.0603	0.0073	56.932211	-3.179569	1.71	Pop40
465	0.9808	0.0132	0.006	56.932211	-3.179569	1.71	Pop40
466	0.987	0.009	0.004	56.932211	-3.179569	1.71	Pop40
467	0.986	0.009	0.005	56.932211	-3.179569	1.71	Pop40
468	0.9806	0.012	0.0074	56.932211	-3.179569	1.71	Pop40
469	0.925	0.072	0.003	56.932211	-3.179569	1.71	Pop40
470	0.9838	0.0113	0.0049	56.932211	-3.179569	1.71	Pop40
471	0.8926	0.005	0.1024	56.920811	-3.197434	0.15	Pop41
472	0.9867	0.0053	0.008	56.920008	-3.19857	0.15	Pop41
473	0.9892	0.004	0.0068	56.919433	-3.200586	0.15	Pop41
474	0.9832	0.0091	0.0077	56.917851	-3.204895	0.15	Pop41
475	0.9183	0.0261	0.0556	56.839193	-3.466471	1.61	Pop42
476	0.9828	0.0091	0.0081	56.835288	-3.488201	1.61	Pop42
477	0.987	0.006	0.007	56.834748	-3.490231	1.61	Pop42
478	0.928	0.062	0.01	56.834748	-3.490231	1.61	Pop42
479	0.9827	0.006	0.0113	56.834748	-3.490231	1.61	Pop42
480	0.9795	0.0113	0.0092	56.834748	-3.490231	1.61	Pop42
481	0.977	0.009	0.014	56.834748	-3.490231	1.61	Pop42
482	0.985	0.007	0.008	56.834748	-3.490231	1.61	Pop42
483	0.989	0.003	0.008	56.834748	-3.490231	1.61	Pop42
484	0.9399	0.0452	0.0149	56.834748	-3.490231	1.61	Pop42
485	0.943	0.015	0.042	56.834748	-3.490231	1.61	Pop42
486	0.6794	0.306	0.0146	56.834748	-3.490231	1.61	Pop42
487	0.9717	0.0233	0.005	56.834748	-3.490231	1.61	Pop42
488	0.8142	0.1769	0.0089	56.834748	-3.490231	1.61	Pop42
489	0.9717	0.005	0.0233	56.834748	-3.490231	1.61	Pop42
490	0.9676	0.0244	0.008	56.834748	-3.490231	1.61	Pop42
491	0.987	0.003	0.01	56.834748	-3.490231	1.61	Pop42
492	0.9635	0.0285	0.008	56.834748	-3.490231	1.61	Pop42
493	0.9807	0.0113	0.008	56.834748	-3.490231	1.61	Pop42
494	0.9871	0.006	0.0069	56.834748	-3.490231	1.61	Pop42
495	0.988	0.005	0.007	56.834748	-3.490231	1.61	Pop42
496	0.9928	0.0042	0.003	56.757025	-5.188857	26.38	Pop43
497	0.9907	0.0023	0.007	56.757025	-5.188857	26.38	Pop43
498	0.9789	0.01	0.0111	56.757025	-5.188857	26.38	Pop43
499	0.993	0.003	0.004	56.757025	-5.188857	26.38	Pop43
500	0.982	0.003	0.015	56.757025	-5.188857	26.38	Pop43
501	0.99	0.004	0.006	56.757025	-5.188857	26.38	Pop43
502	0.9195	0.0089	0.0716	56.757025	-5.188857	26.38	Pop43
503	0.9556	0.0296	0.0148	56.757025	-5.188857	26.38	Pop43
504	0.984	0.007	0.009	56.757025	-5.188857	26.38	Pop43
505	0.991	0.006	0.003	56.757025	-5.188857	26.38	Pop43
506	0.9615	0.01	0.0285	56.757025	-5.188857	26.38	Pop43
507	0.988	0.003	0.009	56.757025	-5.188857	26.38	Pop43
508	0.6749	0.3231	0.002	56.757025	-5.188857	26.38	Pop43
509	0.9738	0.0077	0.0185	56.687358	-3.406764	11.29	Pop44
510	0.7162	0.0054	0.2784	56.62716	-4.749613	0	Pop45
511	0.9785	0.006	0.0155	56.620383	-4.766496	0	Pop45
512	0.991	0.003	0.006	56.620383	-4.766496	0	Pop45
513	0.994	0.003	0.003	56.620383	-4.766496	0	Pop45
514	0.8907	0.1001	0.0092	56.620383	-4.766496	0	Pop45
515	0.9815	0.0094	0.0091	56.620383	-4.766496	0	Pop45
516	0.9594	0.0152	0.0254	56.620383	-4.766496	0	Pop45
517	0.9567	0.004	0.0393	56.620383	-4.766496	0	Pop45
518	0.9821	0.0099	0.008	56.620383	-4.766496	0	Pop45
519	0.972	0.022	0.006	56.620383	-4.766496	0	Pop45
520	0.9759	0.013	0.0111	56.620383	-4.766496	0	Pop45
521	0.9727	0.004	0.0233	56.620383	-4.766496	0	Pop45
522	0.9893	0.004	0.0067	56.620383	-4.766496	0	Pop45
523	0.9917	0.005	0.0033	56.620383	-4.766496	0	Pop45
524	0.986	0.005	0.009	56.620383	-4.766496	0	Pop45
525	0.9744	0.006	0.0196	56.620383	-4.766496	0	Pop45
526	0.9911	0.003	0.0059	56.620383	-4.766496	0	Pop45
527	0.991	0.004	0.005	56.620383	-4.766496	0	Pop45
528	0.988	0.004	0.008	56.620383	-4.766496	0	Pop45
529	0.9899	0.005	0.0051	56.620383	-4.766496	0	Pop45
530	0.9815	0.005	0.0135	56.620383	-4.766496	0	Pop45
531	0.986	0.004	0.01	56.620383	-4.766496	0	Pop45
532	0.9834	0.0057	0.0109	56.620383	-4.766496	0	Pop45
533	0.9424	0.0343	0.0233	56.415127	-4.506255	6.63	Pop46
534	0.991	0.002	0.007	56.415127	-4.506255	6.63	Pop46
535	0.9607	0.0263	0.013	56.415127	-4.506255	6.63	Pop46
536	0.9789	0.005	0.0161	56.415127	-4.506255	6.63	Pop46
537	0.9857	0.009	0.0053	56.376311	-4.642566	3.53	Pop47
538	0.9243	0.0637	0.012	56.376311	-4.642566	3.53	Pop47
539	0.9619	0.003	0.0351	56.376311	-4.642566	3.53	Pop47
540	0.989	0.003	0.008	56.376311	-4.642566	3.53	Pop47
541	0.994	0.004	0.002	56.376311	-4.642566	3.53	Pop47
542	0.9877	0.0043	0.008	56.376311	-4.642566	3.53	Pop47
543	0.8968	0.0032	0.1	56.376311	-4.642566	3.53	Pop47
544	0.9755	0.0145	0.01	56.376311	-4.642566	3.53	Pop47
545	0.991	0.003	0.006	56.376311	-4.642566	3.53	Pop47
546	0.9891	0.0035	0.0074	56.376311	-4.642566	3.53	Pop47
547	0.9588	0.0382	0.003	56.376311	-4.642566	3.53	Pop47
548	0.9725	0.0214	0.0061	56.376311	-4.642566	3.53	Pop47
549	0.9801	0.0042	0.0157	56.376311	-4.642566	3.53	Pop47
550	0.9882	0.0045	0.0073	56.376311	-4.642566	3.53	Pop47
551	0.9798	0.0122	0.008	56.376311	-4.642566	3.53	Pop47
552	0.992	0.002	0.006	56.376311	-4.642566	3.53	Pop47
553	0.9556	0.0136	0.0308	56.376311	-4.642566	3.53	Pop47
554	0.99	0.003	0.007	56.376311	-4.642566	3.53	Pop47
555	0.9938	0.0031	0.0031	56.376311	-4.642566	3.53	Pop47
556	0.8577	0.113	0.0293	56.376311	-4.642566	3.53	Pop47
557	0.9909	0.0051	0.004	56.376311	-4.642566	3.53	Pop47
558	0.9891	0.0049	0.006	56.280697	-2.896768	48.47	Pop48
559	0.9746	0.007	0.0184	56.280697	-2.896768	48.47	Pop48
560	0.9936	0.0044	0.002	56.280697	-2.896768	48.47	Pop48
561	0.9883	0.006	0.0057	56.280697	-2.896768	48.47	Pop48
562	0.9862	0.0108	0.003	56.280697	-2.896768	48.47	Pop48
563	0.9914	0.0066	0.002	56.280697	-2.896768	48.47	Pop48
564	0.984	0.009	0.007	56.280697	-2.896768	48.47	Pop48
565	0.9837	0.0113	0.005	56.280697	-2.896768	48.47	Pop48
566	0.9513	0.0061	0.0426	56.280697	-2.896768	48.47	Pop48
567	0.9818	0.0132	0.005	56.280697	-2.896768	48.47	Pop48
568	0.9888	0.0082	0.003	56.280697	-2.896768	48.47	Pop48
569	0.9912	0.0068	0.002	56.280697	-2.896768	48.47	Pop48
570	0.9919	0.0041	0.004	56.280697	-2.896768	48.47	Pop48
571	0.993	0.003	0.004	56.280697	-2.896768	48.47	Pop48
572	0.9868	0.0102	0.003	56.280697	-2.896768	48.47	Pop48
573	0.9746	0.0152	0.0102	56.280697	-2.896768	48.47	Pop48
574	0.9868	0.003	0.0102	56.280697	-2.896768	48.47	Pop48
575	0.984	0.01	0.006	56.280697	-2.896768	48.47	Pop48
576	0.9835	0.005	0.0115	56.280697	-2.896768	48.47	Pop48
577	0.987	0.004	0.009	56.280697	-2.896768	48.47	Pop48
578	0.9898	0.006	0.0042	56.252788	-4.281933	12.94	Pop49
579	0.9933	0.0047	0.002	56.252788	-4.281933	12.94	Pop49
580	0.9667	0.0293	0.004	56.252788	-4.281933	12.94	Pop49
581	0.9775	0.003	0.0195	56.252788	-4.281933	12.94	Pop49
582	0.9351	0.0619	0.003	56.252788	-4.281933	12.94	Pop49
583	0.99	0.006	0.004	56.252788	-4.281933	12.94	Pop49
584	0.9918	0.004	0.0042	56.252788	-4.281933	12.94	Pop49
585	0.9311	0.0238	0.0451	56.252788	-4.281933	12.94	Pop49
586	0.9735	0.0122	0.0143	56.252788	-4.281933	12.94	Pop49
587	0.9856	0.004	0.0104	56.252788	-4.281933	12.94	Pop49
588	0.99	0.002	0.008	56.252788	-4.281933	12.94	Pop49
589	0.9384	0.0376	0.024	56.252788	-4.281933	12.94	Pop49
590	0.986	0.005	0.009	55.241347	-2.211958	18.19	Pop50
591	0.982	0.015	0.003	56.232813	-4.701458	7.03	Pop51
592	0.987	0.003	0.01	56.232813	-4.701458	7.03	Pop51
593	0.9733	0.0197	0.007	56.232813	-4.701458	7.03	Pop51
594	0.9466	0.0041	0.0493	56.232813	-4.701458	7.03	Pop51
595	0.9871	0.007	0.0059	56.232813	-4.701458	7.03	Pop51
596	0.9819	0.009	0.0091	56.232813	-4.701458	7.03	Pop51
597	0.9227	0.0267	0.0506	56.232813	-4.701458	7.03	Pop51
598	0.9298	0.0213	0.0489	56.232813	-4.701458	7.03	Pop51
599	0.989	0.006	0.005	56.232813	-4.701458	7.03	Pop51
600	0.9753	0.0217	0.003	56.232813	-4.701458	7.03	Pop51
601	0.993	0.004	0.003	56.232813	-4.701458	7.03	Pop51
602	0.9791	0.006	0.0149	56.232813	-4.701458	7.03	Pop51
603	0.991	0.003	0.006	55.226935	-3.429707	64.97	Pop52
604	0.9622	0.0348	0.003	55.220971	-3.416777	64.97	Pop52
605	0.9755	0.004	0.0205	55.22069	-3.416942	64.97	Pop52
606	0.9619	0.0241	0.014	54.833235	-1.90462	29.29	Pop53
607	0.979	0.0089	0.0121	54.833235	-1.90462	29.29	Pop53
608	0.989	0.005	0.006	54.833235	-1.90462	29.29	Pop53
609	0.9932	0.0028	0.004	54.76765	-1.902371	28.67	Pop54
610	0.7688	0.2238	0.0074	54.751118	-1.897892	28.67	Pop54
611	0.9747	0.0163	0.009	54.750613	-1.898637	28.67	Pop54
612	0.9657	0.003	0.0313	54.610073	-2.528927	16.7	Pop55
613	0.8942	0.0039	0.1019	54.605572	-2.506445	16.7	Pop55
614	0.9933	0.003	0.0037	54.605186	-2.506078	16.7	Pop55
615	0.978	0.002	0.02	54.508494	-1.106087	27.43	Pop56
616	0.99	0.003	0.007	54.508193	-1.106121	27.43	Pop56
617	0.9604	0.007	0.0326	54.508155	-1.106072	27.43	Pop56
618	0.9513	0.006	0.0427	54.508097	-1.105986	27.43	Pop56
619	0.992	0.005	0.003	54.508088	-1.105894	27.43	Pop56
620	0.8817	0.1123	0.006	54.508015	-1.105789	27.43	Pop56
621	0.99	0.003	0.007	54.507966	-1.105635	27.43	Pop56
622	0.9463	0.01	0.0437	54.507933	-1.105396	27.43	Pop56
623	0.979	0.003	0.018	54.507894	-1.106652	27.43	Pop56
624	0.99	0.002	0.008	54.507878	-1.10696	27.43	Pop56
625	0.9895	0.006	0.0045	54.507658	-1.107475	27.43	Pop56
626	0.9395	0.031	0.0295	54.507002	-1.107154	27.43	Pop56
627	0.9834	0.003	0.0136	54.394734	-1.206109	21.47	Pop57
628	0.9878	0.0052	0.007	54.394734	-1.206109	21.47	Pop57
629	0.9861	0.006	0.0079	54.394734	-1.206109	21.47	Pop57
630	0.975	0.022	0.003	54.39239	-2.003405	30.96	Pop58
631	0.9893	0.003	0.0077	54.39239	-2.003405	30.96	Pop58
632	0.99	0.003	0.007	54.39239	-2.003405	30.96	Pop58
633	0.992	0.003	0.005	54.39239	-2.003405	30.96	Pop58
634	0.9774	0.0167	0.0059	54.39239	-2.003405	30.96	Pop58
635	0.9911	0.004	0.0049	54.39239	-2.003405	30.96	Pop58
636	0.9871	0.008	0.0049	54.39239	-2.003405	30.96	Pop58
637	0.993	0.004	0.003	54.39239	-2.003405	30.96	Pop58
638	0.7568	0.2364	0.0068	54.39239	-2.003405	30.96	Pop58
639	0.9823	0.0031	0.0146	54.39239	-2.003405	30.96	Pop58
640	0.988	0.004	0.008	54.39239	-2.003405	30.96	Pop58
641	0.9892	0.006	0.0048	54.39239	-2.003405	30.96	Pop58
642	0.987	0.003	0.01	54.39239	-2.003405	30.96	Pop58
643	0.9895	0.004	0.0065	54.39239	-2.003405	30.96	Pop58
644	0.9841	0.0111	0.0048	54.39239	-2.003405	30.96	Pop58
645	0.9687	0.0069	0.0244	54.39239	-2.003405	30.96	Pop58
646	0.8759	0.0753	0.0488	54.39239	-2.003405	30.96	Pop58
647	0.992	0.003	0.005	54.39239	-2.003405	30.96	Pop58
648	0.8629	0.0038	0.1333	54.39239	-2.003405	30.96	Pop58
649	0.8895	0.0664	0.0441	54.39126	-1.827289	23.34	Pop59
650	0.8489	0.1481	0.003	54.39126	-1.827289	23.34	Pop59
651	0.987	0.004	0.009	54.39126	-1.827289	23.34	Pop59
652	0.9496	0.018	0.0324	54.008643	-1.387111	33.88	Pop60
653	0.9858	0.0052	0.009	54.008444	-1.387118	33.88	Pop60
654	0.9902	0.0048	0.005	53.99877	-1.888314	42.88	Pop61
655	0.9868	0.0089	0.0043	53.99877	-1.888314	42.88	Pop61
656	0.9786	0.0144	0.007	53.99877	-1.888314	42.88	Pop61
657	0.9727	0.0062	0.0211	53.801452	-2.408817	63.59	Pop62
658	0.9861	0.01	0.0039	53.801452	-2.408817	63.59	Pop62
659	0.988	0.005	0.007	53.801452	-2.408817	63.59	Pop62
660	0.994	0.003	0.003	53.801452	-2.408817	63.59	Pop62
661	0.9857	0.003	0.0113	53.801452	-2.408817	63.59	Pop62
662	0.988	0.003	0.009	53.801452	-2.408817	63.59	Pop62
663	0.9898	0.0032	0.007	53.801452	-2.408817	63.59	Pop62
664	0.9877	0.0073	0.005	53.801452	-2.408817	63.59	Pop62
665	0.982	0.006	0.012	53.801452	-2.408817	63.59	Pop62
666	0.986	0.007	0.007	53.801452	-2.408817	63.59	Pop62
667	0.9939	0.0021	0.004	53.801452	-2.408817	63.59	Pop62
668	0.991	0.004	0.005	53.801452	-2.408817	63.59	Pop62
669	0.991	0.005	0.004	53.801452	-2.408817	63.59	Pop62
670	0.989	0.004	0.007	53.801452	-2.408817	63.59	Pop62
671	0.9738	0.006	0.0202	53.4335	-1.952501	79.44	Pop63
672	0.991	0.004	0.005	53.4335	-1.952501	79.44	Pop63
673	0.9262	0.0505	0.0233	53.427955	-1.953432	79.44	Pop63
674	0.9519	0.0449	0.0032	53.427955	-1.953432	79.44	Pop63
675	0.985	0.006	0.009	53.427955	-1.953432	79.44	Pop63
676	0.993	0.004	0.003	53.427955	-1.953432	79.44	Pop63
677	0.991	0.006	0.003	53.427955	-1.953432	79.44	Pop63
678	0.9817	0.0153	0.003	53.427955	-1.953432	79.44	Pop63
679	0.9717	0.005	0.0233	53.427955	-1.953432	79.44	Pop63
680	0.9824	0.0122	0.0054	53.427955	-1.953432	79.44	Pop63
681	0.9672	0.0248	0.008	53.427955	-1.953432	79.44	Pop63
682	0.8309	0.1661	0.003	53.427955	-1.953432	79.44	Pop63
683	0.9848	0.0072	0.008	53.427955	-1.953432	79.44	Pop63
684	0.9834	0.0115	0.0051	53.427955	-1.953432	79.44	Pop63
685	0.9803	0.0167	0.003	53.427955	-1.953432	79.44	Pop63
686	0.9783	0.0131	0.0086	53.427955	-1.953432	79.44	Pop63
687	0.99	0.003	0.007	52.929519	1.203763	215.94	Pop64
688	0.9917	0.0043	0.004	52.929519	1.203763	215.94	Pop64
689	0.988	0.005	0.007	52.929519	1.203763	215.94	Pop64
690	0.994	0.004	0.002	52.929519	1.203763	215.94	Pop64
691	0.9212	0.0297	0.0491	52.929519	1.203763	215.94	Pop64
692	0.983	0.0085	0.0085	52.929519	1.203763	215.94	Pop64
693	0.986	0.006	0.008	52.929519	1.203763	215.94	Pop64
694	0.9876	0.0104	0.002	52.929519	1.203763	215.94	Pop64
695	0.9913	0.005	0.0037	52.929519	1.203763	215.94	Pop64
696	0.9847	0.0103	0.005	52.929519	1.203763	215.94	Pop64
697	0.992	0.005	0.003	52.929519	1.203763	215.94	Pop64
698	0.9089	0.0221	0.069	52.929519	1.203763	215.94	Pop64
699	0.9864	0.0075	0.0061	52.929519	1.203763	215.94	Pop64
700	0.989	0.005	0.006	52.929519	1.203763	215.94	Pop64
701	0.985	0.009	0.006	52.929519	1.203763	215.94	Pop64
702	0.9651	0.002	0.0329	52.929519	1.203763	215.94	Pop64
703	0.9654	0.0122	0.0224	52.929519	1.203763	215.94	Pop64
704	0.9823	0.0137	0.004	52.929519	1.203763	215.94	Pop64
705	0.99	0.003	0.007	52.929519	1.203763	215.94	Pop64
706	0.8317	0.0093	0.159	52.835273	0.99854	207.31	Pop65
707	0.993	0.003	0.004	52.835273	0.99854	207.31	Pop65
708	0.9737	0.019	0.0073	52.835273	0.99854	207.31	Pop65
709	0.9705	0.0033	0.0262	52.835273	0.99854	207.31	Pop65
710	0.988	0.005	0.007	52.815356	1.045277	210.73	Pop66
711	0.9729	0.006	0.0211	52.815356	1.045277	210.73	Pop66
712	0.9829	0.0101	0.007	52.815356	1.045277	210.73	Pop66
713	0.982	0.011	0.007	52.815356	1.045277	210.73	Pop66
714	0.9819	0.0091	0.009	52.693503	1.46372	239.85	Pop67
715	0.9799	0.0159	0.0042	52.693503	1.46372	239.85	Pop67
716	0.9857	0.0103	0.004	52.693503	1.46372	239.85	Pop67
717	0.9897	0.006	0.0043	52.693503	1.46372	239.85	Pop67
718	0.993	0.003	0.004	52.693503	1.46372	239.85	Pop67
719	0.9843	0.0117	0.004	52.693503	1.46372	239.85	Pop67
720	0.9783	0.002	0.0197	52.693503	1.46372	239.85	Pop67
721	0.9727	0.0114	0.0159	52.693503	1.46372	239.85	Pop67
722	0.9947	0.0023	0.003	52.693503	1.46372	239.85	Pop67
723	0.994	0.003	0.003	52.693503	1.46372	239.85	Pop67
724	0.987	0.005	0.008	52.693503	1.46372	239.85	Pop67
725	0.9843	0.0107	0.005	52.693503	1.46372	239.85	Pop67
726	0.9722	0.013	0.0148	52.693503	1.46372	239.85	Pop67
727	0.9753	0.004	0.0207	52.684483	1.459536	239.85	Pop67
728	0.9693	0.0062	0.0245	52.684483	1.459536	239.85	Pop67
729	0.9764	0.01	0.0136	52.684483	1.459536	239.85	Pop67
730	0.9896	0.0054	0.005	52.684483	1.459536	239.85	Pop67
731	0.9831	0.005	0.0119	52.684483	1.459536	239.85	Pop67
732	0.9648	0.0308	0.0044	52.684483	1.459536	239.85	Pop67
733	0.9847	0.0053	0.01	52.684483	1.459536	239.85	Pop67
734	0.989	0.003	0.008	52.493378	0.987717	220.62	Pop68
735	0.9157	0.0802	0.0041	52.493378	0.987717	220.62	Pop68
736	0.9588	0.0225	0.0187	52.493378	0.987717	220.62	Pop68
737	0.9338	0.0613	0.005	52.493378	0.987717	220.62	Pop68
738	0.8914	0.1026	0.006	52.493378	0.987717	220.62	Pop68
739	0.992	0.004	0.004	52.493378	0.987717	220.62	Pop68
740	0.9837	0.0097	0.0066	52.493378	0.987717	220.62	Pop68
741	0.9573	0.01	0.0327	52.493378	0.987717	220.62	Pop68
742	0.9593	0.0131	0.0276	52.493378	0.987717	220.62	Pop68
743	0.9577	0.0353	0.007	52.493378	0.987717	220.62	Pop68
744	0.9095	0.0855	0.005	52.493378	0.987717	220.62	Pop68
745	0.9615	0.0209	0.0176	52.493378	0.987717	220.62	Pop68
746	0.98	0.017	0.003	52.493378	0.987717	220.62	Pop68
747	0.8868	0.0833	0.0299	52.493378	0.987717	220.62	Pop68
748	0.5467	0.0456	0.4077	52.493378	0.987717	220.62	Pop68
749	0.983	0.01	0.007	52.454126	0.996216	222.75	Pop69
750	0.9558	0.0189	0.0253	52.454126	0.996216	222.75	Pop69
751	0.9714	0.003	0.0256	52.348312	-1.448901	147.82	Pop70
752	0.991	0.002	0.007	52.348312	-1.448901	147.82	Pop70
753	0.985	0.013	0.002	52.347854	-1.452132	147.82	Pop70
754	0.9801	0.0179	0.002	52.347854	-1.452132	147.82	Pop70
755	0.9811	0.0028	0.0161	52.347927	-1.450177	147.82	Pop70
756	0.9911	0.0049	0.004	52.347927	-1.450177	147.82	Pop70
757	0.9602	0.009	0.0308	52.347927	-1.450177	147.82	Pop70
758	0.9825	0.0105	0.007	52.347927	-1.450177	147.82	Pop70
759	0.9788	0.0031	0.0181	52.347751	-1.450378	147.82	Pop70
760	0.9736	0.003	0.0234	52.347751	-1.450378	147.82	Pop70
761	0.989	0.006	0.005	52.347751	-1.450378	147.82	Pop70
762	0.991	0.003	0.006	52.347694	-1.451671	147.82	Pop70
763	0.9752	0.0128	0.012	52.347694	-1.451671	147.82	Pop70
764	0.9899	0.0061	0.004	52.347661	-1.451889	147.82	Pop70
765	0.9861	0.003	0.0109	51.846921	-3.181552	207.22	Pop71
766	0.959	0.035	0.006	51.849504	-3.179007	207.22	Pop71
767	0.9923	0.0047	0.003	51.846796	-3.181054	207.22	Pop71
768	0.9584	0.0049	0.0367	51.846785	-3.181019	207.22	Pop71
769	0.976	0.014	0.01	51.846603	-3.180971	207.22	Pop71
770	0.9505	0.0191	0.0304	51.846528	-3.180734	207.22	Pop71
771	0.9799	0.0095	0.0106	51.846526	-3.180532	207.22	Pop71
772	0.9354	0.0526	0.012	51.846321	-3.180917	207.22	Pop71
773	0.9828	0.0051	0.0121	51.846429	-3.183083	207.22	Pop71
774	0.9867	0.006	0.0073	51.846599	-3.183948	207.22	Pop71
775	0.9663	0.003	0.0307	51.846503	-3.183974	207.22	Pop71
776	0.9886	0.003	0.0084	51.846502	-3.183971	207.22	Pop71
777	0.993	0.003	0.004	51.846545	-3.184115	207.22	Pop71
778	0.9886	0.005	0.0064	51.846832	-3.184197	207.22	Pop71
779	0.9867	0.0024	0.0109	51.846936	-3.184264	207.22	Pop71
780	0.9896	0.0021	0.0083	51.84693	-3.184311	207.22	Pop71
781	0.9863	0.0045	0.0092	51.846703	-3.184719	207.22	Pop71
782	0.9895	0.004	0.0065	51.846654	-3.184879	207.22	Pop71
783	0.9686	0.011	0.0204	51.846711	-3.185158	207.22	Pop71
784	0.982	0.005	0.013	51.8467	-3.185302	207.22	Pop71
785	0.994	0.003	0.003	51.711681	0.570787	239.52	Pop72
786	0.9907	0.003	0.0063	51.711681	0.570787	239.52	Pop72
787	0.9738	0.003	0.0232	51.711681	0.570787	239.52	Pop72
788	0.984	0.002	0.014	51.711681	0.570787	239.52	Pop72
789	0.9859	0.003	0.0111	51.711681	0.570787	239.52	Pop72
790	0.9787	0.003	0.0183	51.711681	0.570787	239.52	Pop72
791	0.9908	0.0043	0.0049	51.711681	0.570787	239.52	Pop72
792	0.99	0.005	0.005	51.711681	0.570787	239.52	Pop72
793	0.9631	0.005	0.0319	51.711681	0.570787	239.52	Pop72
794	0.9546	0.004	0.0414	51.711681	0.570787	239.52	Pop72
795	0.991	0.003	0.006	51.711681	0.570787	239.52	Pop72
796	0.9833	0.009	0.0077	51.711439	0.572124	239.52	Pop72
797	0.9936	0.002	0.0044	51.711439	0.572124	239.52	Pop72
798	0.9929	0.0037	0.0034	51.711439	0.572124	239.52	Pop72
799	0.9913	0.0039	0.0048	51.711439	0.572124	239.52	Pop72
800	0.9877	0.008	0.0043	51.711439	0.572124	239.52	Pop72
801	0.993	0.003	0.004	51.711439	0.572124	239.52	Pop72
802	0.9919	0.0021	0.006	51.711439	0.572124	239.52	Pop72
803	0.9841	0.003	0.0129	51.711439	0.572124	239.52	Pop72
804	0.984	0.006	0.01	51.174753	0.337031	261.88	Pop73
805	0.987	0.008	0.005	51.174701	0.336851	261.88	Pop73
806	0.9909	0.004	0.0051	51.174701	0.336851	261.88	Pop73
807	0.981	0.008	0.011	51.174765	0.336203	261.88	Pop73
808	0.9605	0.0345	0.005	51.174747	0.335582	261.88	Pop73
809	0.984	0.004	0.012	51.174583	0.335226	261.88	Pop73
810	0.991	0.005	0.004	51.150878	0.491267	268.71	Pop74
811	0.9879	0.002	0.0101	51.150878	0.491267	268.71	Pop74
812	0.9675	0.0039	0.0286	51.150878	0.491267	268.71	Pop74
813	0.9715	0.003	0.0255	51.150878	0.491267	268.71	Pop74
814	0.989	0.003	0.008	51.150878	0.491267	268.71	Pop74
815	0.9762	0.0051	0.0187	51.150878	0.491267	268.71	Pop74
816	0.9907	0.002	0.0073	51.150878	0.491267	268.71	Pop74
817	0.9849	0.005	0.0101	51.150878	0.491267	268.71	Pop74
818	0.991	0.004	0.005	51.150878	0.491267	268.71	Pop74
819	0.988	0.007	0.005	51.150878	0.491267	268.71	Pop74
820	0.9726	0.004	0.0234	51.150878	0.491267	268.71	Pop74
821	0.983	0.004	0.013	51.150878	0.491267	268.71	Pop74
822	0.9183	0.004	0.0777	51.150878	0.491267	268.71	Pop74
823	0.994	0.003	0.003	51.150878	0.491267	268.71	Pop74
824	0.991	0.005	0.004	51.150878	0.491267	268.71	Pop74
825	0.989	0.005	0.006	51.150878	0.491267	268.71	Pop74
826	0.992	0.003	0.005	51.112171	-0.932907	236.58	Pop75
827	0.99	0.002	0.008	51.112197	-0.932907	236.58	Pop75
828	0.9822	0.007	0.0108	51.111347	-0.93328	236.58	Pop75
829	0.9807	0.0046	0.0147	51.111077	-0.9334	236.58	Pop75
830	0.951	0.046	0.003	51.110668	-0.933801	236.58	Pop75
831	0.9849	0.0122	0.0029	51.110437	-0.933998	236.58	Pop75
832	0.9617	0.0353	0.003	51.110424	-0.933968	236.58	Pop75
833	0.9877	0.0032	0.0091	51.110375	-0.934018	236.58	Pop75
834	0.9895	0.0045	0.006	51.110373	-0.934016	236.58	Pop75
835	0.9768	0.006	0.0172	51.11093	-0.934911	236.58	Pop75
836	0.9554	0.003	0.0416	51.11098	-0.934836	236.58	Pop75
837	0.9701	0.006	0.0239	51.110124	-0.935401	236.58	Pop75
838	0.9885	0.003	0.0085	51.110018	-0.935408	236.58	Pop75
839	0.9894	0.0028	0.0078	51.109348	-0.935521	236.58	Pop75
840	0.988	0.009	0.003	51.112085	-0.933431	236.58	Pop75
841	0.9883	0.002	0.0097	51.085146	-0.160098	252.84	Pop76
842	0.9904	0.006	0.0036	51.085146	-0.160098	252.84	Pop76
843	0.9855	0.004	0.0105	51.085146	-0.160098	252.84	Pop76
844	0.987	0.004	0.009	51.085146	-0.160098	252.84	Pop76
845	0.9868	0.0034	0.0098	51.085146	-0.160098	252.84	Pop76
846	0.9774	0.003	0.0196	51.085146	-0.160098	252.84	Pop76
847	0.9886	0.0057	0.0057	51.085146	-0.160098	252.84	Pop76
848	0.9343	0.0063	0.0594	51.085146	-0.160098	252.84	Pop76
849	0.986	0.004	0.01	51.085146	-0.160098	252.84	Pop76
850	0.9874	0.0086	0.004	51.085146	-0.160098	252.84	Pop76
851	0.9749	0.0201	0.005	51.085146	-0.160098	252.84	Pop76
852	0.987	0.005	0.008	51.085146	-0.160098	252.84	Pop76
853	0.9806	0.009	0.0104	51.085146	-0.160098	252.84	Pop76
854	0.9731	0.0139	0.013	51.085146	-0.160098	252.84	Pop76
855	0.992	0.003	0.005	51.085146	-0.160098	252.84	Pop76
856	0.9716	0.016	0.0124	51.085146	-0.160098	252.84	Pop76
857	0.985	0.007	0.008	51.085146	-0.160098	252.84	Pop76
858	0.9598	0.0045	0.0357	51.085146	-0.160098	252.84	Pop76
859	0.99	0.007	0.003	51.085146	-0.160098	252.84	Pop76
860	0.986	0.004	0.01	51.04168	-0.611567	246.09	Pop77
861	0.817	0.006	0.177	51.04168	-0.611567	246.09	Pop77
862	0.9927	0.0043	0.003	51.04168	-0.611567	246.09	Pop77
863	0.9829	0.006	0.0111	51.04168	-0.611567	246.09	Pop77
864	0.99	0.004	0.006	51.04168	-0.611567	246.09	Pop77
865	0.9848	0.0112	0.004	51.04168	-0.611567	246.09	Pop77
866	0.985	0.008	0.007	51.04168	-0.611567	246.09	Pop77
867	0.9756	0.0154	0.009	51.04168	-0.611567	246.09	Pop77
868	0.983	0.003	0.014	51.04168	-0.611567	246.09	Pop77
869	0.9819	0.0042	0.0139	51.04168	-0.611567	246.09	Pop77
870	0.948	0.0459	0.0061	51.04168	-0.611567	246.09	Pop77
871	0.9357	0.0116	0.0527	51.035695	-0.628363	246.09	Pop77
872	0.991	0.005	0.004	51.035695	-0.628363	246.09	Pop77
873	0.992	0.003	0.005	51.035695	-0.628363	246.09	Pop77
874	0.9466	0.01	0.0434	51.035695	-0.628363	246.09	Pop77
875	0.982	0.005	0.013	51.035695	-0.628363	246.09	Pop77
876	0.9906	0.004	0.0054	51.035695	-0.628363	246.09	Pop77
877	0.988	0.003	0.009	50.977624	-0.581316	250.79	Pop78
878	0.9901	0.006	0.0039	50.977624	-0.581316	250.79	Pop78
879	0.9776	0.004	0.0184	50.977624	-0.581316	250.79	Pop78
880	0.9905	0.0065	0.003	50.977624	-0.581316	250.79	Pop78
881	0.9752	0.004	0.0208	50.977624	-0.581316	250.79	Pop78
882	0.991	0.005	0.004	50.937354	-3.294042	269.78	Pop79
883	0.9882	0.003	0.0088	50.937354	-3.294042	269.78	Pop79
884	0.9536	0.0358	0.0106	50.937304	-3.294108	269.78	Pop79
885	0.9899	0.005	0.0051	50.919858	-0.475798	256.59	Pop80
886	0.9778	0.0142	0.008	50.919858	-0.475798	256.59	Pop80
887	0.8692	0.003	0.1278	50.919858	-0.475798	256.59	Pop80
888	0.9703	0.0227	0.007	50.919858	-0.475798	256.59	Pop80
889	0.9548	0.0422	0.003	50.919858	-0.475798	256.59	Pop80
890	0.9831	0.0079	0.009	50.919858	-0.475798	256.59	Pop80
891	0.9703	0.0217	0.008	50.919858	-0.475798	256.59	Pop80
892	0.9618	0.0089	0.0293	50.919858	-0.475798	256.59	Pop80
893	0.9879	0.006	0.0061	50.919858	-0.475798	256.59	Pop80
894	0.6232	0.0136	0.3632	50.919858	-0.475798	256.59	Pop80
895	0.9936	0.0031	0.0033	50.919858	-0.475798	256.59	Pop80
896	0.9513	0.0437	0.005	50.919858	-0.475798	256.59	Pop80
897	0.9786	0.0093	0.0121	50.919858	-0.475798	256.59	Pop80
898	0.5538	0.0428	0.4034	50.919858	-0.475798	256.59	Pop80
899	0.9712	0.005	0.0238	50.919858	-0.475798	256.59	Pop80
900	0.9886	0.005	0.0064	50.919858	-0.475798	256.59	Pop80
901	0.8068	0.004	0.1892	50.919858	-0.475798	256.59	Pop80
902	0.9516	0.0253	0.0231	50.900505	-1.579632	247.88	Pop81
903	0.7621	0.0419	0.196	50.900505	-1.579632	247.88	Pop81
904	0.956	0.0032	0.0408	50.900505	-1.579632	247.88	Pop81
905	0.9741	0.0039	0.022	50.900505	-1.579632	247.88	Pop81
906	0.9833	0.006	0.0107	50.846874	-1.453207	251.59	Pop82
907	0.957	0.006	0.037	50.846874	-1.453207	251.59	Pop82
908	0.9819	0.0032	0.0149	50.846874	-1.453207	251.59	Pop82
909	0.9757	0.0173	0.007	50.846874	-1.453207	251.59	Pop82
910	0.9794	0.0132	0.0074	50.846874	-1.453207	251.59	Pop82
911	0.9756	0.0201	0.0043	50.846874	-1.453207	251.59	Pop82
912	0.9727	0.0223	0.005	50.846874	-1.453207	251.59	Pop82
913	0.978	0.006	0.016	50.846874	-1.453207	251.59	Pop82
914	0.9498	0.0412	0.009	50.846874	-1.453207	251.59	Pop82
915	0.989	0.006	0.005	50.846874	-1.453207	251.59	Pop82
916	0.8658	0.019	0.1152	50.846874	-1.453207	251.59	Pop82
917	0.993	0.003	0.004	50.846874	-1.453207	251.59	Pop82
918	0.9088	0.002	0.0892	50.846874	-1.453207	251.59	Pop82
919	0.9622	0.004	0.0338	50.846874	-1.453207	251.59	Pop82
920	0.9836	0.006	0.0104	50.846874	-1.453207	251.59	Pop82
921	0.992	0.003	0.005	50.846874	-1.453207	251.59	Pop82
922	0.984	0.01	0.006	50.846874	-1.453207	251.59	Pop82
923	0.985	0.005	0.01	50.846874	-1.453207	251.59	Pop82
924	0.965	0.028	0.007	50.846874	-1.453207	251.59	Pop82
925	0.9945	0.002	0.0035	50.846874	-1.453207	251.59	Pop82
926	0.9826	0.004	0.0134	50.846874	-1.453207	251.59	Pop82
927	0.9778	0.006	0.0162	50.817012	-1.533336	253.65	Pop83
928	0.97	0.008	0.022	50.817012	-1.533336	253.65	Pop83
929	0.5411	0.0279	0.431	50.817012	-1.533336	253.65	Pop83
930	0.7729	0.014	0.2131	50.817012	-1.533336	253.65	Pop83
931	0.9822	0.003	0.0148	50.817012	-1.533336	253.65	Pop83
932	0.98	0.0056	0.0144	50.817012	-1.533336	253.65	Pop83
933	0.9721	0.0035	0.0244	50.520095	-3.801081	307.59	Pop84
934	0.9641	0.0315	0.0044	50.522345	-3.805481	307.59	Pop84
935	0.99	0.004	0.006	50.516668	-3.808057	307.86	Pop85
936	0.9849	0.003	0.0121	50.524066	-3.820296	307.86	Pop85
937	0.9763	0.005	0.0187	50.524104	-3.820336	307.86	Pop85
938	0.8281	0.0039	0.168	50.52417	-3.820364	307.86	Pop85
939	0.9706	0.005	0.0244	50.524191	-3.820551	307.86	Pop85
940	0.9867	0.004	0.0093	50.52388	-3.820579	307.86	Pop85
941	0.9401	0.0081	0.0518	50.523611	-3.82086	307.86	Pop85
942	0.9193	0.004	0.0767	50.523089	-3.821325	307.86	Pop85
943	0.9949	0.003	0.0021	50.523089	-3.821325	307.86	Pop85
944	0.9868	0.0052	0.008	50.523089	-3.821325	307.86	Pop85
945	0.987	0.003	0.01	50.498824	-3.791033	308.73	Pop86
946	0.9483	0.004	0.0477	50.523693	-3.820751	307.79	Pop87
947	0.9727	0.008	0.0193	50.489866	-4.046743	307.79	Pop87
948	0.992	0.005	0.003	50.489935	-4.04643	307.79	Pop87
949	0.9825	0.003	0.0145	50.489936	-4.046417	307.79	Pop87
950	0.9926	0.004	0.0034	50.490042	-4.046118	307.79	Pop87
951	0.9858	0.008	0.0062	50.489945	-4.045519	307.79	Pop87
952	0.988	0.009	0.003	50.49011	-4.046036	307.79	Pop87
953	0.948	0.015	0.037	50.490143	-4.045164	307.79	Pop87
954	0.977	0.019	0.004	50.490005	-4.04514	307.79	Pop87
955	0.9775	0.0133	0.0092	50.490044	-4.044869	307.79	Pop87
956	0.992	0.004	0.004	50.490134	-4.044975	307.79	Pop87
957	0.9859	0.0081	0.006	50.490265	-4.044753	307.79	Pop87
958	0.9927	0.004	0.0033	50.490263	-4.044828	307.79	Pop87
959	0.9857	0.003	0.0113	50.491226	-4.044478	307.79	Pop87
960	0.988	0.003	0.009	50.491752	-4.044157	307.79	Pop87
961	0.9675	0.0285	0.004	50.491941	-4.044208	307.79	Pop87
962	0.9916	0.0044	0.004	50.492204	-4.044713	307.79	Pop87
963	0.9912	0.003	0.0058	50.492091	-4.044139	307.79	Pop87
964	0.9841	0.003	0.0129	50.491992	-4.044839	316.79	Pop88
965	0.9108	0.0082	0.081	50.432143	-3.94849	316.79	Pop88
